011111111
111111111
111111111
000000000
000010111
000000011
111111111
000000000
111111111
111111111
000110101
011111111
010111111
111111111
000000011
000001111
000000000
011111111
000010000
111111111
000000111
000000111
011111111
111111111
101011100
001111111
111111111
000000001
111111111
110101100
111111111
111111111
111111111
111111111
000110000
011111111
111111111
111111111
000000000
001111111
000000110
110001111
000001111
000000000
010111111
111110010
000011111
111111111
111111111
001010100
000001011
000000000
011011111
000010111
000000000
000000000
111111111
000000101
011111111
000011111
000000000
000011111
011111111
111111111
000000000
001010001
000000000
011111111
001000111
010001111
000011111
000000000
000000000
111111111
000001011
000110111
010101111
000000111
111111111
001111111
000011111
000011111
000011111
000000000
111111111
011111111
111011101
000000000
000000101
111111111
000000000
111111111
000000011
000000111
000000000
111111111
100000001
000000000
111111111
011111111
100100000
111111111
011111111
000111111
111111111
111111111
010010111
111111111
111111111
000010011
111111111
000000000
000011111
000001111
000000000
000000000
000001111
011111111
000111111
000000000
111111111
000010111
011110111
011111111
000000000
000000000
000000000
101111000
000000111
000010101
000000001
000000010
000000000
111111111
111111111
000000000
000000000
111111111
000000000
111111111
111111111
000011111
000011111
000000110
010001111
111100000
111001111
000000000
000011111
011011111
000000000
011111111
011111111
001111111
011111111
000000111
000010111
001111111
111111111
000000011
000000011
101110111
010000100
001111111
111111111
111111111
000000000
111111111
011111111
000000000
011111111
000000000
000010011
000000111
111111111
000010111
000000000
000000000
111111111
011111111
000000000
100000000
000000000
000000000
000000000
111111111
000001011
011110111
111111111
000000000
111111111
111111111
011111111
011011111
000000000
111111111
111111111
111011101
000000000
000000000
101101100
111111111
000000000
111111111
011111111
000000100
111111111
000111111
111111111
000011111
111111111
111111111
010111111
000000000
001001111
001011111
010000111
111111111
111111111
111111111
000000000
000000000
001011111
000011111
111111111
010110100
000010011
111011011
000000000
111111111
111111111
111111111
011111111
000000111
000011111
000010011
000011111
111111111
000011111
000011111
000001111
000011111
000001111
001111111
110111000
000011011
000000111
111111111
111111111
011011111
000000000
000011111
000000000
011011111
011111111
000000000
111111111
110011111
111111111
000000000
011111111
000000000
111111111
000000000
000000000
110000000
000000000
000000000
110110011
111111111
001011111
101110011
111111111
000011111
011011111
000000111
111111111
011111111
111101100
111111111
010001111
111111111
011111111
111111111
111111111
000000000
111111111
000000000
111111111
000000000
000001000
000001111
011111111
000000000
111111111
000111101
111111111
111111111
011111111
000000000
111111111
001011111
000000000
000000011
111111111
100011111
000000000
111111111
111111111
000011111
000010111
111111111
000000011
000000011
111111111
000111111
111111111
111111111
111111111
100100001
111111111
011011111
000000000
000010011
111111111
000000000
000000000
011111111
111111111
111111111
100111001
111111111
000011111
101111001
000000000
000010111
000000000
000011111
110111100
000011110
000011111
000000000
000010011
000011111
110111111
000010111
101011111
000111101
000000011
000000011
000000000
000000000
000000000
000111111
000000000
111111111
000000000
111111111
000011111
011111111
011111111
000110100
000000000
000000000
111111111
000000001
000000000
111111111
111111111
111111111
110111111
111111100
111111111
111111111
011111111
000001001
000010111
011111111
011111111
000000000
111111111
000001111
000111100
011111111
100000010
111111111
000111111
000010111
000000111
000000000
111111111
111111111
111111111
011111111
111111111
000000101
111111111
000000000
001111111
000000000
011111111
000001111
111111111
001010111
000000000
011111111
011111111
010011000
001011111
100111101
000000111
000000000
101110011
000000000
111111111
000001111
000010111
110110111
000011111
001111111
000011111
111001111
011111111
011011111
011011111
000011111
011011111
000000111
000011111
000011111
000011111
011011111
011111111
000000011
011111111
011111111
011111111
011111111
011111111
000000000
011111111
000000000
111111111
011110111
000000000
000011111
111111111
000011111
000000000
111111111
000000000
000011111
000000000
000011111
111111111
000011111
000001011
000000000
111111111
111111111
000111111
001111111
111111111
000000000
011110100
111111111
100111111
000000000
000011111
000000000
000000000
111111111
000111111
000000000
000111111
000100010
001111111
000000111
000000000
011011111
000000000
000000011
010111111
010011100
001011111
000011111
000000011
111111101
000000000
000011111
000000000
000110110
000000000
111000001
000000000
111111111
000000100
100001010
000101110
000000000
000000000
000011111
111111111
000000000
000011111
000000111
000011111
000000000
000010101
000000011
000111100
110000000
000011111
000001011
000111111
000001111
000000000
000000000
000000000
111111111
111111111
000000111
000000000
111111111
000000000
000011111
000011111
000000000
111011111
000000000
011110011
011111111
111111111
111111111
000001111
000000000
011111111
000000000
000011111
000000000
000000000
000000000
000000000
000000000
000010111
111111111
000000000
000000000
000000011
111111111
000000111
000011111
100100000
000011111
111111111
000000000
111111111
000001111
111111111
000011111
001001111
000011111
000011111
111111111
101111111
011011100
011111111
000000111
000000000
000011111
111111111
000000011
000011111
111111111
000000000
000000000
111111111
000000111
000000000
011111111
111101100
100011100
100001111
000111111
000000000
111111111
101011111
111111111
000000010
000001111
000010111
000010111
111111111
010110000
000001111
100100000
111100000
000011111
000011111
000001111
111111111
111111111
000011111
110101111
111111111
111111111
111111111
000011111
111111111
000011111
000001111
111111111
000000111
111111111
000001011
000000011
111111111
011001111
011101101
000000000
111111111
010011111
111110100
000000000
011111111
011110000
000000000
000011111
000011111
111111111
111111111
111111111
000010110
100000011
000000111
110100100
100111111
000011111
011111111
000000000
111111111
000001111
011111111
111111111
000011111
000000010
000000000
111111111
000001011
000011111
111111111
000000000
000011110
000000000
000000100
111111111
000111111
000001111
001000011
111111111
001111111
000000111
111110000
111111111
111101101
000011011
111111111
000111110
000010100
111111111
000000000
000011111
000000111
111100000
000101111
111111111
111111111
111111111
111111111
111111111
111111111
111111111
111111111
111111111
111111111
011111111
000011111
111111111
000010011
011011111
011111111
111111111
000100000
000000001
111111111
011111111
000000000
000000011
000001111
010101111
000000000
111111111
000011111
000011111
001011111
000000000
000111100
111111111
100011111
000001111
000010001
011111110
111111111
000000011
101111100
101011111
000000000
111111111
000000000
000011111
100001011
111111111
000000000
111111111
000011100
000000000
111111111
111111111
000001011
001110111
111001111
111111111
000001101
000000011
000000000
111111111
000000001
010100110
000000000
000000000
111111111
111111111
000000011
000010011
000111111
000111111
000001111
110000011
111100010
000011111
000000011
000000111
000001111
111000111
111111111
111111111
111111111
111111111
000001111
111111111
000000000
000000000
111111111
000111111
000000000
111111111
000001111
000000000
111111111
111111111
000001111
000001011
001011111
000000011
000000011
111111111
111111111
000000000
011111111
000000000
111111111
111111111
000000000
011111111
111111111
000000000
000111111
110111101
111111111
110111111
000011111
000000000
010110111
111111111
111111111
000000011
000011110
000001111
000011111
000000000
010111111
000000000
000011111
000001101
000000000
111111111
111111111
111111111
111111111
000001111
000000001
000011111
000000000
101011111
000100000
000000111
000111100
000011111
100111111
000011111
000011111
000000111
000000001
000010111
000011111
000110110
000000111
000000000
111111111
000000011
111111101
111111111
000000000
000111111
001111111
011111111
111111111
101000011
000011111
000000101
111111111
111111111
010101100
000010111
111111111
000000101
000001000
111111111
111111111
000001111
011111111
000000000
000000000
001110101
000000000
111111111
100011101
000011111
111111100
100010101
000000000
010110111
000111111
000000011
010001111
000000000
000000000
000000011
000010101
000000111
000010110
000000001
111111111
000000000
111111111
000000111
000000000
000000000
000011111
000001111
101011111
000000000
111100011
000010111
010111111
110110000
000000000
000000011
010111111
000101111
001111111
000011111
000001111
111111111
100111101
